TL = 1.000000
ML = 1.000000
